# Parameter Document
# save as Window Formatted text
# Parameters in one line need to be separated by a TAB
# Line needs to end clean (no added TAB or SPACES)
# Every parameters needs to start with exact param name without #
# Every parameter needs to finish with a ';' on a NEW LINE or it will go into infinitive loop
# Any empty line needs to have a SPACE or it will throw up loop
 
# Separate men and women with a # for visibility if necessary
 
# CAREFUL: remove any additional TABS at the end of the data line in final txt file!!
 
##################
# HIV PARAMETERS #
##################
 
#1. Length: 24, col: 3, rows: 8
CD4_startarray
0.57905	0.83195	1.00000
0.53669	0.79935	1.00000
0.49260	0.76275	1.00000
0.42467	0.70094	1.00000
#
0.62750	0.84933	1.00000
0.58635	0.81863	1.00000
0.54277	0.78372	1.00000
0.47411	0.72378	1.00000
;
 
 
#2. Length: 12, col: 6, rows: 2
CD4_prog_rates
0.19835	0.32913	0.33628	0.50936	0.57271	0.86702
0.18356	0.30458	0.31120	0.47137	0.52999	0.80236
;
 
 
#3. Length: 56, col: 7, rows: 8
CD4_death_rates	
0.00321	0.00912	0.00733	0.01281	0.02161	0.03741	0.84544
0.00403	0.01145	0.00921	0.01608	0.02713	0.04696	1.06123
0.00497	0.01412	0.01136	0.01984	0.03347	0.05794	1.30933
0.00712	0.02022	0.01626	0.02841	0.04792	0.08296	1.87488
#
0.00334	0.00948	0.00762	0.01331	0.02245	0.03887	0.87847
0.00419	0.01189	0.00957	0.01671	0.02819	0.04879	1.10269
0.00517	0.01467	0.01180	0.02061	0.03478	0.06020	1.36048
0.00740	0.02101	0.01690	0.02952	0.04980	0.08620	1.94813
;
 
 
#4. Length: 56, col: 7, rows: 8
CD4_ART_rates
0.00677	0.01416	0.02495	0.04362	0.07563	0.04681	0.03685
0.00677	0.01416	0.02495	0.04362	0.07563	0.04681	0.03685
0.00677	0.01416	0.02495	0.04362	0.07563	0.04681	0.03685
0.00677	0.01416	0.02495	0.04362	0.07563	0.04681	0.03685
#
0.00677	0.01416	0.02495	0.04362	0.07563	0.04681	0.03685
0.00677	0.01416	0.02495	0.04362	0.07563	0.04681	0.03685
0.00677	0.01416	0.02495	0.04362	0.07563	0.04681	0.03685
0.00677	0.01416	0.02495	0.04362	0.07563	0.04681	0.03685
;
 
 
################
# Demographic  #
################
 
# Age distribution
# 5.Length: 34; col: 17 row:2
Age1950Array
0.163537	0.307833	0.427394	0.529638	0.618965	0.692258	0.760971	0.814108	0.858085	0.895647	0.926797	0.952450	0.971689	0.985431	0.993860	0.998075	1
#
0.157976	0.297367	0.412159	0.512136	0.600963	0.673847	0.742175	0.795015	0.839657	0.878831	0.912540	0.940782	0.963559	0.979958	0.990890	0.996994	1
;
 
 
# Length: 17; col: 17 row:1
ArrayMin
0	5	10	15	20	25	30	35	40	45	50	55	60	65	70	75	80
;
 
 
# Length: 17; col: 17 row:1
ArrayMax
4	9	14	19	24	29	34	39	44	49	54	59	64	69	74	79	100
;
 
 
#6. Length: 600, col: 200, rows: 3
Nr_Children
6.00	6.00	6.00	6.00	6.00	6.00	6.00	6.00	6.00	6.00	6.00	6.00	6.00	6.00	6.00	6.00	6.00	6.00	6.00	6.00	6.00	6.00	6.00	6.00	6.00	6.00	6.00	6.00	6.00	6.00	6.00	6.00	6.00	6.00	6.00	6.00	6.00	6.00	6.00	6.00	7.00	7.00	7.00	7.00	7.00	7.00	7.00	7.00	7.00	7.00	7.00	7.00	7.00	7.00	7.00	7.00	7.00	7.00	7.00	6.00	6.00	6.00	6.00	6.00	6.00	6.00	6.00	6.00	6.00	6.00	6.00	5.00	5.00	5.00	5.00	5.00	5.00	4.00	4.00	4.00	4.00	4.00	4.00	4.00	4.00	4.00	4.00	4.00	4.00	3.00	3.00	3.00	3.00	3.00	3.00	3.00	3.00	3.00	3.00	3.00	3.00	3.00	3.00	4.00	4.00	4.00	4.00	4.00	4.00	4.00	4.00	4.00	4.00	4.00	4.00	4.00	4.00	4.00	4.00	4.00	4.00	4.00	4.00	4.00	4.00	4.00	4.00	4.00	4.00	4.00	4.00	4.00	4.00	4.00	4.00	4.00	4.00	4.00	4.00	4.00	4.00	4.00	4.00	4.00	4.00	4.00	4.00	4.00	4.00	4.00	4.00	4.00	4.00	4.00	4.00	4.00	4.00	4.00	4.00	4.00	4.00	4.00	4.00	4.00	4.00	4.00	4.00	4.00	4.00	4.00	4.00	4.00	4.00	4.00	4.00	4.00	4.00	4.00	4.00	4.00	4.00	4.00	4.00	4.00	4.00	4.00	4.00	4.00	4.00	4.00	4.00	4.00	4.00	4.00	4.00	4.00	4.00	4.00	4.00	4.00
#
7.00	7.00	7.00	7.00	7.00	7.00	7.00	7.00	7.00	7.00	7.00	7.00	7.00	7.00	7.00	7.00	7.00	7.00	7.00	7.00	7.00	7.00	7.00	7.00	7.00	7.00	7.00	7.00	7.00	7.00	7.00	7.00	7.00	7.00	7.00	7.00	7.00	7.00	7.00	7.00	8.00	8.00	8.00	8.00	8.00	8.00	8.00	8.00	8.00	8.00	8.00	8.00	8.00	8.00	8.00	8.00	8.00	8.00	8.00	7.00	7.00	7.00	7.00	7.00	7.00	7.00	7.00	7.00	7.00	7.00	7.00	6.00	6.00	6.00	6.00	6.00	6.00	5.00	5.00	5.00	5.00	5.00	5.00	5.00	5.00	5.00	5.00	5.00	5.00	4.00	4.00	4.00	4.00	4.00	4.00	4.00	4.00	4.00	4.00	4.00	4.00	4.00	4.00	5.00	5.00	5.00	5.00	5.00	5.00	5.00	5.00	5.00	5.00	5.00	5.00	5.00	5.00	5.00	5.00	5.00	5.00	5.00	5.00	5.00	5.00	5.00	5.00	5.00	5.00	5.00	5.00	5.00	5.00	5.00	5.00	5.00	5.00	5.00	5.00	5.00	5.00	5.00	5.00	5.00	5.00	5.00	5.00	5.00	5.00	5.00	5.00	5.00	5.00	5.00	5.00	5.00	5.00	5.00	5.00	5.00	5.00	5.00	5.00	5.00	5.00	5.00	5.00	5.00	5.00	5.00	5.00	5.00	5.00	5.00	5.00	5.00	5.00	5.00	5.00	5.00	5.00	5.00	5.00	5.00	5.00	5.00	5.00	5.00	5.00	5.00	5.00	5.00	5.00	5.00	5.00	5.00	5.00	5.00	5.00	5.00
;
 
 
#Length: 200; col: 200; row: 1
NrChildrenProb
0.80	0.80	0.80	0.80	0.80	0.80	0.80	0.80	0.80	0.80	0.80	0.80	0.80	0.80	0.80	0.80	0.80	0.80	0.80	0.80	0.80	0.80	0.80	0.80	0.81	0.81	0.82	0.82	0.83	0.83	0.84	0.86	0.87	0.88	0.89	0.91	0.93	0.94	0.96	0.98	0.00	0.02	0.05	0.07	0.09	0.11	0.13	0.15	0.17	0.19	0.18	0.16	0.14	0.13	0.11	0.09	0.06	0.04	0.01	0.99	0.92	0.85	0.78	0.71	0.64	0.54	0.44	0.34	0.24	0.14	0.01	0.88	0.75	0.62	0.49	0.30	0.10	0.91	0.72	0.53	0.44	0.36	0.27	0.18	0.10	0.08	0.05	0.03	0.01	0.99	0.98	0.98	0.98	0.97	0.97	0.97	0.97	0.97	0.97	0.97	0.98	0.99	1.00	0.01	0.02	0.02	0.02	0.02	0.02	0.02	0.02	0.02	0.02	0.02	0.02	0.02	0.02	0.02	0.02	0.02	0.02	0.02	0.02	0.02	0.02	0.02	0.02	0.02	0.02	0.02	0.02	0.02	0.02	0.02	0.02	0.02	0.02	0.02	0.02	0.02	0.02	0.02	0.02	0.02	0.02	0.02	0.02	0.02	0.02	0.02	0.02	0.02	0.02	0.02	0.02	0.02	0.02	0.02	0.02	0.02	0.02	0.02	0.02	0.02	0.02	0.02	0.02	0.02	0.02	0.02	0.02	0.02	0.02	0.02	0.02	0.02	0.02	0.02	0.02	0.02	0.02	0.02	0.02	0.02	0.02	0.02	0.02	0.02	0.02	0.02	0.02	0.02	0.02	0.02	0.02	0.02	0.02	0.02	0.02	0.02
;
 
 
##########
#  NCDs  #
##########
 
# Length: 6; col: 6 row:1
NCDAgeArrayMin
0	18	30	40	50	60
;
 
 
# Length: 6; col: 6 row:1
NCDAgeArrayMax
17	29	39	49	59	100
;
 
 
# Length: 112; col: 7 row:16
NCDArray
0.0000	0.0005	0.0025	0.0044	0.0072	0.0117	1
0.0000	0.0258	0.0343	0.0592	0.0826	0.1173	1
0.0000	0.0193	0.0258	0.0397	0.0578	0.0723	1
0.0000	0.0014	0.0023	0.0051	0.0096	0.0185	1
0.0000	0.0000	0.0007	0.0028	0.0056	0.0089	1
0.0000	0.0004	0.0008	0.0026	0.0037	0.0058	1
0.0000	0.0028	0.0035	0.0047	0.0084	0.0177	1
0.0000	0.0010	0.0009	0.0014	0.0032	0.0074	1
#
0.0000	0.0030	0.0038	0.0057	0.0072	0.0136	1
0.0000	0.0365	0.0380	0.0509	0.1164	0.1308	1
0.0000	0.0201	0.0188	0.0434	0.0581	0.0695	1
0.0000	0.0003	0.0019	0.0052	0.0065	0.0099	1
0.0000	0.0000	0.0005	0.0009	0.0024	0.0075	1
0.0000	0.0007	0.0005	0.0029	0.0109	0.0165	1
0.0000	0.0024	0.0021	0.0062	0.0148	0.0114	1
0.0000	0.0006	0.0012	0.0019	0.0027	0.0074	1
;